79464412 K0D-676 300 225 1 3
MTF.868 6 30
JXD.139 4 80
NSM.283 2 100
CJE.310 5 15
16552775 S7E-946 300 18 2 3
AWB.345 6 18
20864087 O5L-856 1000 716 2 6
SPR.580 1 1
YUQ.590 5 275
JDQ.505 6 240
JFC.432 1 20
BXY.119 4 180
94326707 U3F-754 1000 0 2 8
73786035 O4X-500 300 4.5 2 3
DEN.125 4 4
AQS.362 1 0.5
31193794 T3B-722 1200 225.25 2 6
BXY.119 5 225
JDC.028 1 0.25
96659352 T1K-210 1000 488 2 6
KQQ.136 3 15
GBJ.693 3 3
KQA.580 6 270
ADX.669 4 200
57690875 O7D-970 1000 391 3 8
XTE.383 6 6
XLF.273 4 240
CIM.038 3 135
CSZ.863 5 10
69975105 N5J-515 300 275 1 3
TMJ.043 6 240
HFM.021 6 30
FQG.293 5 5
54761731 K6X-977 1200 528.5 3 6
OTS.581 5 2.5
VZV.827 1 50
FVB.607 5 250
ZVA.180 4 220
DEV.433 3 6
67418025 W9Y-717 1000 399.6 3 8
YYU.726 6 9.6
FEG.454 2 100
EVN.510 5 250
QUU.384 1 40
77642521 W8F-397 1000 453.2 3 6
YYU.726 2 3.2
DFJ.952 5 250
QUU.384 5 200
35584593 I0K-077 1000 425 3 6
KCO.488 1 5
AVM.258 4 200
SSD.176 4 220
43053402 L3N-150 400 370 1 3
VRR.793 2 2
MMA.577 6 360
YOT.530 2 8
84165595 J0Q-121 1000 250 3 6
QHC.492 4 80
JFC.432 3 60
HFM.021 6 30
RDT.761 6 30
DFJ.952 1 50
89298238 E6T-667 1500 723 3 8
ICX.503 3 150
JXD.139 3 60
YOT.530 1 4
YOT.530 4 16
UJV.290 4 200
QFP.254 2 3
QTK.083 3 180
PFD.286 2 110
71984468 J7Y-327 300 222 1 3
TZY.323 1 20
JJN.837 5 200
PQH.935 2 2
29847168 H7P-047 1500 0.6 3 6
BCK.361 1 0.6
79475585 W6Z-142 300 255 2 1
KQQ.136 6 30
BWD.036 5 225
91897732 C3A-423 1000 367 3 6
PFD.286 2 110
OXP.732 2 10
WLL.607 1 45
XZR.640 5 200
TMN.884 2 2
33397650 H6H-085 1000 34.8 3 6
VJI.529 6 30
IHG.413 3 4.8
83236386 O3T-110 300 267.7 2 1
OFS.384 1 1.7
OPT.996 2 6
MTF.868 2 10
UJV.290 5 250
32821689 I0E-459 300 30 1 2
ISU.815 1 0.5
MTF.868 5 25
ONB.903 3 4.5
45783712 H8M-598 300 260 1 2
QFR.958 3 150
YUQ.590 2 110
48184351 W2L-827 1000 95 3 8
TXM.139 1 5
KQA.580 2 90
33713901 L4B-291 400 332.2 2 2
VVS.017 1 0.8
UWA.476 2 1.4
ZVA.180 6 330
76388967 J2F-853 1000 965 3 6
DOV.560 2 10
PFD.286 6 330
CNQ.172 6 360
RSE.049 6 6
EBI.299 5 250
SJQ.827 5 9
81114108 W7R-114 1000 531.6 3 6
VCL.867 1 50
DUG.251 5 250
OFS.384 3 5.1
DFF.034 5 2.5
RBE.789 2 20
BCN.855 4 200
VRR.793 4 4
57263719 J2K-636 300 300 2 1
ZWF.661 5 25
YOT.530 5 20
BWD.036 3 135
TZY.323 6 120
79140840 T9L-709 1000 137.3 3 8
QRC.609 5 5
JXD.139 4 80
TMN.884 5 5
OTH.462 1 40
HLR.109 1 1.8
TYF.885 2 4
DFF.034 3 1.5
71378466 J8D-125 1000 353.6 3 6
XSD.310 3 165
OQI.373 1 45
ARS.231 6 3.6
FVQ.662 2 100
BIT.434 4 40
17913944 F1H-328 300 257.4 1 1
YJD.279 5 250
DEN.125 1 1
IHG.413 4 6.4
62566305 C4O-436 1000 308 3 8
CNQ.172 3 180
AVM.258 1 50
GXF.122 5 50
DIQ.718 4 20
TYF.885 4 8
46462527 R8O-904 1000 353 3 6
ISU.815 6 3
LWG.915 6 300
KWP.672 3 30
KCO.488 4 20
79420973 L2H-207 1000 305 3 6
GXF.122 3 30
SSE.115 5 275
22777006 M8Q-758 300 290 1 2
XLF.273 2 120
FCN.617 1 5
YYK.309 3 165
43877279 K5K-595 1000 630 3 6
QUU.384 5 200
SSD.176 4 220
TYF.885 5 10
SNY.500 4 200
73535476 W3T-571 300 168.5 1 3
KJX.387 4 20
LDR.510 2 6
CIM.038 3 135
UWA.476 5 3.5
FLJ.040 4 4
26976877 B7V-643 1000 629.5 3 6
XZG.521 3 4.5
YUQ.590 4 220
KQQ.136 3 15
SSE.115 4 220
JXD.139 2 40
AFL.718 5 50
VTV.269 4 80
78078115 P7I-760 1000 760 3 6
PJG.338 2 10
SSD.176 1 55
DFJ.952 5 250
TMJ.043 3 120
XOA.735 2 120
FQG.293 4 4
DFF.034 2 1
XZR.640 5 200
48467976 A6D-661 300 200 1 1
JDQ.505 5 200
41036366 H1W-140 1000 241 3 6
QVJ.982 4 20
AQS.362 2 1
SJD.818 4 220
31611146 S1D-093 300 271 1 1
XSD.310 1 55
FVQ.662 4 200
YOT.530 4 16
64394265 U5N-536 300 163.5 1 1
OTW.288 5 100
YUQ.590 1 55
OFS.384 5 8.5
50365593 G6I-762 1000 559.9 3 6
VVS.017 3 2.4
TZY.323 1 20
ZVA.180 6 330
TMN.884 6 6
LWG.915 3 150
JDC.028 6 1.5
AFL.718 5 50
95751208 A8J-929 300 147 1 2
BWD.036 3 135
UOD.420 4 12
79372768 P2Q-870 1000 113 3 6
EUZ.452 5 25
SAM.013 1 50
QVJ.982 6 30
GLC.370 4 8
27912250 M0X-657 1000 453 3 8
LWG.915 1 50
FLJ.040 3 3
QFR.958 3 150
LWG.915 4 200
ICX.503 1 50
60574154 J2M-606 1000 400 3 6
KDA.627 5 250
III.576 6 60
BWD.036 2 90
35565959 L8A-167 1000 460 3 8
JXD.139 5 100
VJI.529 5 25
BZS.261 1 50
DFJ.952 2 100
QRC.609 5 5
CIM.038 4 180
80048864 H2K-127 1000 166.8 3 6
BWD.036 3 135
PPX.620 1 5
RDT.761 5 25
BCK.361 3 1.8
96258632 Y9F-491 1200 370 3 8
EBI.299 5 250
QHC.492 2 40
CRU.009 2 80
94080926 D6W-048 1000 420 3 8
SPR.580 5 5
OTW.288 5 100
CIM.038 2 90
TXM.139 5 25
NMV.644 5 200
42157219 T7F-869 1000 132.5 3 6
KWP.672 6 60
KCO.488 2 10
III.576 6 60
OTS.581 5 2.5
86241107 L3W-411 1000 245 3 6
FEG.454 2 100
UXG.019 2 40
HFC.845 3 15
CIM.038 2 90
26290971 V9J-051 300 136 1 2
TZY.323 5 100
GKG.558 3 15
TYF.885 3 6
PVZ.181 3 15
22280452 U5L-205 1200 116.5 3 8
UCX.285 3 1.5
VRR.793 5 5
XSD.310 2 110
90365520 M4Z-108 1000 157 3 8
VDD.853 5 10
EUZ.452 6 30
OPJ.039 1 45
KBY.991 6 12
KWP.672 6 60
40348917 M8W-853 1000 525 3 8
VRR.793 3 3
DFJ.952 2 100
BMJ.772 1 55
FLJ.040 2 2
SNY.500 4 200
WZD.331 3 165
95161027 B4R-105 1000 213 3 6
TZY.323 5 100
OQI.373 1 45
FQG.293 4 4
VVS.017 5 4
III.576 5 50
VJI.529 2 10
77191257 I0Y-720 1000 659 3 6
BWD.036 5 225
AVM.258 6 300
ZEX.027 6 9
TZY.323 3 60
KWP.672 2 20
ZWF.661 4 20
QVJ.982 5 25
62324793 P5B-640 1000 594 3 6
OPJ.039 2 90
XBD.314 5 250
FQG.293 1 1
YJD.279 5 250
LDR.510 1 3
16151792 L6Z-161 300 286 1 2
AQS.362 1 0.5
TZY.323 3 60
AQS.362 1 0.5
CNQ.172 1 60
WZD.331 3 165
66409237 Y4Y-028 300 268 2 2
UXG.019 4 80
BRD.969 3 180
AWT.354 6 6
DFF.034 4 2
63437380 K1F-766 1000 362 3 6
YEZ.591 5 200
KQA.580 2 90
AWB.345 4 12
III.576 5 50
PJG.338 2 10
95015539 F1F-571 1200 4 3 6
CSZ.863 2 4
25171011 M7F-612 1000 484 3 6
DFJ.952 4 200
VCL.867 1 50
QRC.609 3 3
CIM.038 1 45
AWB.345 6 18
OPT.996 6 18
VCL.867 3 150
90237332 L6D-758 1000 444.5 3 6
TKM.141 3 150
OQI.373 1 45
PVZ.181 5 25
QFP.254 3 4.5
PFD.286 4 220
87800799 N4J-043 1000 634.25 3 6
JDC.028 5 1.25
QRC.609 1 1
EUZ.452 2 10
BTO.226 3 60
ICX.503 2 100
GBD.525 6 330
WZD.331 2 110
VRR.793 2 2
KWP.672 2 20
38637282 X8U-894 1000 7.7 3 6
OFS.384 1 1.7
FLJ.040 6 6
15561764 N9Q-814 300 236 1 2
RAH.420 4 200
FYF.898 2 4
JYQ.045 6 30
GBJ.693 2 2
45877001 A7Y-833 1000 55.2 3 6
KBY.991 6 12
RDT.761 5 25
GBJ.693 5 5
PJG.338 2 10
VVS.017 4 3.2
87813843 E1N-544 1500 428 3 6
OQI.373 1 45
LDR.510 6 18
XSD.310 3 165
MLE.193 4 200
78757121 T0V-569 1000 347.4 3 6
KJX.387 4 20
ARS.231 4 2.4
GXF.122 1 10
ZXK.295 4 180
OQI.373 3 135
53166028 P7T-999 1000 39.5 3 6
TXM.139 3 15
ONB.903 3 4.5
QHC.492 1 20
15210391 I5K-310 1000 134 3 6
AQS.362 2 1
DON.719 2 2
HFM.021 1 5
VXS.438 4 1
OTW.288 3 60
TZY.323 3 60
RSE.049 5 5
89429489 S6Y-726 1000 495.25 3 6
BXY.119 3 135
VCL.867 6 300
UXG.019 1 20
QUU.384 1 40
VXS.438 1 0.25
43488351 T5L-371 1000 690 3 8
QTK.083 6 360
DIQ.718 6 30
XLF.273 5 300
73185299 L4O-783 1000 457.5 3 6
AVM.258 3 150
QFP.254 5 7.5
QUU.384 3 120
QHC.492 3 60
OTH.462 3 120
36380447 D2V-055 1000 11.1 3 6
HLR.109 2 3.6
OWN.701 5 7.5
97403853 I0W-872 1000 187 3 8
GBJ.693 4 4
YJD.279 3 150
BCK.361 5 3
KQQ.136 6 30
13245501 U6A-456 300 294.75 2 2
KJX.387 5 25
QIL.029 2 6
BXY.119 5 225
ZWF.661 1 5
HFC.845 6 30
VXS.438 3 0.75
AWB.345 1 3
89148118 R8H-409 1000 710 3 8
JFC.432 5 100
AFL.718 1 10
XLF.273 5 300
TKM.141 6 300
93845419 S4J-282 1000 358 3 8
NSR.955 2 100
QIL.029 6 18
AWB.345 5 15
CIM.038 5 225
19829266 E1J-798 1000 70 3 6
UXG.019 2 40
RDT.761 3 15
TXM.139 3 15
26233063 W1S-239 1000 217.7 3 8
JFC.432 4 80
KSO.608 3 135
UWA.476 1 0.7
ZAF.449 2 2
78922174 P6I-223 1200 745 3 8
OQI.373 3 135
XBD.314 2 100
XBD.314 3 150
EJW.346 6 60
AFL.718 5 50
TKM.141 5 250
42798099 N5Y-450 1000 485.5 3 6
RDT.761 6 30
CNN.411 6 360
OQI.373 2 90
TMN.884 5 5
AQS.362 1 0.5
79901434 D6F-465 1000 158.1 3 6
TXM.139 2 10
CSZ.863 5 10
OXP.732 2 10
AHB.459 3 5.1
ZEX.027 2 3
OBI.353 6 120
50375303 D5W-953 1200 809.6 3 6
VXS.438 4 1
SJQ.827 2 3.6
YJD.279 5 250
AFL.718 1 10
KQA.580 5 225
CRU.009 5 200
JXD.139 6 120
55552996 G0F-080 1000 566.5 3 6
SSD.176 6 330
QTK.083 1 60
FQG.293 1 1
SJD.818 1 55
UXG.019 6 120
AQS.362 1 0.5
45828535 C0G-556 1200 720 3 6
YMU.875 5 250
TZY.323 6 120
AVM.258 2 100
XSD.310 4 220
QJO.060 6 30
44229880 V4I-691 1200 239 3 6
HLR.109 5 9
SNY.500 3 150
JXD.139 4 80
59162728 C2S-070 1000 200 3 6
FEG.454 4 200
88995291 V7P-711 400 18.6 2 2
HLR.109 2 3.6
MTF.868 3 15
73914283 F3E-797 1000 280 3 6
OBI.353 4 80
BRD.969 3 180
OBI.353 1 20
44679500 R7U-941 300 3 2 2
AWB.345 1 3
59407188 D9A-711 300 101.5 2 3
LYZ.614 3 15
RDT.761 5 25
OWN.701 1 1.5
BIT.434 6 60
27635082 O8J-848 1000 0 3 6
54716824 V9F-655 1000 302 3 6
CRU.009 6 240
ZEX.027 6 9
UDR.957 1 50
SPR.580 3 3
40112594 T8Y-354 300 271.2 2 3
BCK.361 2 1.2
KSO.608 6 270
37110873 R0P-255 1000 289.4 3 6
VDD.853 4 8
FCN.617 6 30
UWA.476 2 1.4
GXF.122 2 20
YZD.580 5 15
QUU.384 4 160
SSD.176 1 55
83505958 P7E-145 1000 41 3 6
MQR.442 1 1
EJW.346 3 30
TYF.885 5 10
85871751 E3U-231 1000 100 3 6
MYC.756 2 100
11602775 D8R-235 1000 945 3 6
TMJ.043 6 240
JJN.837 2 80
YYK.309 3 165
XLF.273 4 240
JJN.837 1 40
CIM.038 4 180
86402303 H6X-124 1000 360 3 8
HFM.021 6 30
RBE.789 6 60
OQI.373 3 135
OQI.373 3 135
23928045 H8S-849 300 267 2 3
TKM.141 5 250
OXP.732 3 15
TMN.884 2 2
12663268 U0T-459 1500 554 3 8
QFP.254 5 7.5
BMJ.772 1 55
RAH.420 3 150
XSD.310 6 330
YYU.726 4 6.4
AHB.459 3 5.1
42928709 R5C-239 1000 746.5 3 8
GLC.370 6 12
QIL.029 4 12
QFP.254 5 7.5
XLF.273 4 240
OQI.373 5 225
NSM.283 5 250
85949265 N2C-590 1000 453 3 8
LDR.510 6 18
VRR.793 5 5
YUQ.590 2 110
TMJ.043 6 240
JFC.432 4 80
17972674 B4I-014 1000 8.6 3 6
UTN.601 1 0.8
UWA.476 4 2.8
ZWF.661 1 5
38913831 C0S-417 300 216 1 3
FLW.631 3 3
JFC.432 3 60
YZD.580 1 3
BCN.855 3 150
36008913 T9A-930 1000 30 2 6
HFC.845 6 30
49087435 I1D-713 1200 282.6 2 6
III.576 2 20
AFL.718 1 10
XZR.640 6 240
PJG.338 1 5
SJQ.827 1 1.8
BCK.361 3 1.8
VDD.853 2 4
58187172 O4X-603 1000 12.5 2 6
VXS.438 2 0.5
KBY.991 6 12
69324480 S9I-160 300 300 1 3
JCW.489 5 300
32565207 D7L-648 1000 575 2 8
ZWF.661 6 30
TKM.141 4 200
FVQ.662 5 250
UXG.019 4 80
IDO.503 6 15
71463316 N1O-921 300 240.1 1 2
BCN.855 4 200
QFP.254 6 9
UWA.476 3 2.1
KCO.488 5 25
AWT.354 4 4
86828079 W1C-444 300 23 1 1
YGV.332 1 5
MQR.442 3 3
QIL.029 5 15
29337157 M1E-751 300 144.5 1 1
HFM.021 4 20
ZEX.027 3 4.5
QHC.492 6 120
32904023 T6W-978 400 286 1 2
KQQ.136 1 5
RBE.789 6 60
QFP.254 4 6
KJX.387 3 15
DUG.251 4 200
28390487 I3A-223 300 4 1 2
GLC.370 2 4
98589725 H3E-885 1000 1 2 8
VRR.793 1 1
77484838 N0Z-560 1000 585.7 2 8
YGV.332 3 15
YUQ.590 6 330
UDR.957 3 150
AFL.718 1 10
BTO.226 4 80
UWA.476 1 0.7
88956889 B3U-845 1000 347.3 2 8
UWA.476 6 4.2
MYC.756 4 200
UWA.476 3 2.1
HFM.021 6 30
YUQ.590 2 110
TMN.884 1 1
89863424 Y9G-536 1000 513 2 6
QRC.609 3 3
OTH.462 6 240
FVB.607 1 50
SSE.115 4 220
99842319 N6D-256 300 101 1 2
ZAF.449 1 1
DUG.251 2 100
98140264 Z4L-514 400 150 1 2
CJE.310 3 9
QHC.492 4 80
BRD.969 1 60
DFF.034 2 1
69639726 Q5S-871 300 10 2 3
DON.719 1 1
OPT.996 3 9
93160528 E0I-722 300 281.6 2 3
DUG.251 2 100
QTK.083 3 180
YYU.726 1 1.6
24995742 X9D-758 1000 218 2 6
BWD.036 1 45
DON.719 3 3
YMU.875 3 150
KCO.488 4 20
43043986 V7O-315 1000 299 2 6
TXM.139 3 15
SSD.176 5 275
QFP.254 5 7.5
ZEX.027 1 1.5
52097922 A1Q-612 1000 738.1 2 6
XZG.521 4 6
MMA.577 2 120
XSD.310 6 330
UTN.601 2 1.6
GBD.525 5 275
OWN.701 2 3
ISU.815 5 2.5
